1 2039
2 12787
3 6011
4 13949
5 11098
6 6521
7 14977
8 11367
9 5833
10 16828
11 7727
12 17073
13 7035
14 14447
15 10316
16 16065
17 14718
18 5682
19 7195
20 23872
21 4181
22 26906
23 4047
24 8856
25 23154
26 16379
27 12006
28 19895
29 12367
30 21745
31 20725
32 18730
33 12392
34 16917
35 3138
36 9472
37 13623
38 13494
39 25857
40 21286
41 10981
42 9609
43 20187
44 10487
45 14457
46 12971
47 9618
48 3425
49 16881
50 14437
51 8843
52 17484
53 10496
54 17355
55 7812
56 6918
57 10404
58 9987
59 8888
60 20847
61 30762
62 21021
63 9975
64 15314
65 15928
66 10074
67 5910
68 6221
69 8509
70 14770
71 16515
72 23586
73 4654
74 8891
75 15281
76 2896
77 13504
78 4919
79 14767
80 14992
81 10494
82 26955
83 13250
84 4718
85 20007
86 18463
87 4251
88 6858
89 40437
90 18537
91 7533
92 3737
93 3195
94 10592
95 11968
96 17299
97 4853
98 8812
99 7512
100 2126
101 15049
102 25299
103 9502
104 11373
105 10330
106 20847
107 5135
108 12380
109 3944
110 10106
111 8595
112 23450
113 19837
114 10826
115 20347
116 19876
117 5913
118 6620
119 10885
120 15896
121 27117
122 7693
123 8545
124 10233
125 7471
126 14004
127 16637
128 5966
129 16329
130 3993
131 11337
132 13902
133 7188
134 9769
135 24211
136 3904
137 8989
138 7095
139 12280
140 14025
141 3472
142 3003
143 2570
144 13922
145 17799
146 2336
147 8653
148 6571
149 15468
150 16406
151 4418
152 12464
153 7649
154 8324
155 20155
156 3352
157 20645
158 1935
159 15610
160 4167
161 17883
162 8600
163 13744
164 8806
165 8651
166 9931
167 8671
168 9845
169 14636
170 5694
171 10158
172 3783
173 11672
174 3076
175 16948
176 16580
177 13370
178 2943
179 5667
180 7758
181 20301
182 16408
183 19777
184 19795
185 24298
186 5887
187 2388
188 14734
189 25609
190 15387
191 12229
192 6678
193 16054
194 8287
195 8183
196 4520
197 16126
198 2471
199 7732
200 6560
201 4244
202 18250
203 12574
204 21852
205 4549
206 13994
207 7007
208 3428
209 5547
210 19286
211 11062
212 13302
213 12353
214 8970
215 13293
216 12966
217 18376
218 10763
219 7423
220 5783
221 7363
222 15309
223 10238
224 18421
225 20606
226 9563
227 16070
228 20557
229 23861
230 25943
231 5318
232 6783
233 6174
234 19411
235 8253
236 3574
237 4142
238 7511
239 2201
240 9563
241 4820
242 8182
243 11086
244 12452
245 18550
246 5365
247 6893
248 17691
249 6193
250 6053
251 2086
252 10793
253 4735
254 15371
255 19251
256 8459
257 16451
258 20472
259 21975
260 6422
261 17295
262 26028
263 8128
264 12772
265 12101
266 10578
267 7666
268 13943
269 14915
270 3649
271 5328
272 12828
273 23964
274 9172
275 10325
276 5706
277 16405
278 16419
279 15623
280 7164
281 13905
282 2357
283 12045
284 30184
285 10628
286 1903
287 2971
288 14862
289 19176
290 18871
291 14182
292 18473
293 15444
294 21862
295 3624
296 17284
297 16457
298 9152
299 21201
300 13624
301 13934
302 5955
303 9551
304 2843
305 13277
306 5148
307 5329
308 9139
309 21795
310 1715
311 17560
312 22025
313 32955
314 7304
315 6981
316 2366
317 15176
318 12487
319 23097
320 7691
321 6914
322 11905
323 11872
324 8031
325 11254
326 5178
327 2626
328 24201
329 9541
330 29548
331 14604
332 5982
333 15107
334 5870
335 9333
336 6018
337 8554
338 3409
339 21450
340 6535
341 17826
342 8435
343 15084
344 17630
345 16719
346 3879
347 8197
348 2241
349 9449
350 8923
351 41107
352 16681
353 14408
354 4101
355 16478
356 6580
357 4450
358 11751
359 6294
360 13924
361 7854
362 12799
363 3755
364 14746
365 6495
366 24021
367 18987
368 13099
369 14687
370 5987
371 11497
372 17394
373 6373
374 14528
375 6452
376 22818
377 8560
378 1779
379 14360
380 8906
381 5066
382 2005
383 5908
384 10634
385 13336
386 21524
387 12904
388 6610
389 10579
390 18869
391 5848
392 5179
393 18586
394 4785
395 5036
396 13158
397 5539
398 19158
399 8941
400 4811
401 7302
402 16572
403 11700
404 12005
405 9405
406 16132
407 5484
408 2525
409 4300
410 7735
411 33677
412 2701
413 17569
414 16890
415 7722
416 8992
417 5712
418 10006
419 19079
420 11430
421 23880
422 11209
423 8213
424 8629
425 6501
426 4023
427 5397
428 2002
429 12396
430 14429
431 4172
432 20384
433 3523
434 5991
435 10722
436 13433
437 5662
438 13636
439 8012
440 5320
441 14546
442 5039
443 3167
444 14578
445 5546
446 8334
447 4015
448 13390
449 4733
450 6228
451 22138
452 1929
453 4924
454 15212
455 18892
456 13100
457 5833
458 10068
459 11759
460 9390
461 29401
462 8536
463 17486
464 10075
465 15682
466 13217
467 20786
468 9479
469 19932
470 11839
471 17588
472 14767
473 18830
474 8061
475 9005
476 24025
477 11723
478 7264
479 17709
480 8021
481 12743
482 7163
483 12890
484 11346
485 17985
486 3729
487 15645
488 9688
489 15478
490 4291
491 26751
492 12081
493 17609
494 6407
495 13789
496 4315
497 7356
498 4578
499 4975
500 7414